Mean: 249.77621989860583
Median: 249.0
Mode: 94.0
Variance: 21117.27747316329
Standard Deviation: 145.31784980917962
Execution time: 0.006760 seconds